8
  0   8  10 999 999 999 999 999
  8   0 999   9  11 999 999 999
 10 999   0   5 999 999 999  15
999   9   5   0  13  12 999  14
999  11 999  13   0  11  10 999
999 999 999  12  11   0   7  13
999 999 999 999  10   7   0 999
999 999  15  14 999  13 999   0